0.000000e+00 
1.393875e+00 
2.787750e+00 
4.181625e+00 
5.575500e+00 
6.969375e+00 
8.363250e+00 
9.757125e+00 
1.115100e+01 
1.254487e+01 
1.393875e+01 
1.533263e+01 
1.672650e+01 
1.812037e+01 
1.951425e+01 
2.090812e+01 
2.230200e+01 
2.369588e+01 
2.508975e+01 
2.648362e+01 
2.787750e+01 
2.927137e+01 
3.066525e+01 
3.205913e+01 
3.345300e+01 
3.484687e+01 
3.624075e+01 
3.763462e+01 
3.902850e+01 
4.042238e+01 
4.181625e+01 
4.321012e+01 
4.460400e+01 
4.599788e+01 
4.739175e+01 
4.878562e+01 
5.017950e+01 
5.157337e+01 
5.296725e+01 
5.436113e+01 
